eval_loss = 0.18574335309614737
eval_acc = 0.9477719746638515
epoch = 3.0
